

Singles
1
2
3
4
5
6
7
8
9

Horizontal Doubles
12
23
45
56
78
89

Vertical Doubles
14
47
25
58
36
69

Horizontal Triples
123
456
789

Vertical Triples
147
258
369

Bend Triples
124
478
689
236
125
235
589
578

Bend Four's
1236
1478
2369
6789
4789
2578
2589
1258
2358
1234

Square Four's
1245
4578
2356
5689

Bend Five's
12369
36789
14789
12347

Square Five's
12457
12458
12456
12345
45789
45678
24578
14578
12356
23456
23568
23569
25689
35689
45689
56789

Rectangle Six's
123456
456789
124578
235689

Square Seven's
1234567
1234568
1234569
1456789
2456789
3456789
1234578
1245678
1245789
1235689
2345689
2356789

Complicated Eight's
12345678
12345689
12456789
23456789
12345678
12456789
12345689
23456789
12346789 ** (This pattern encircles section 5)

The Holy Nine
123456789
